100
50
353608446 353608446 353608446 353608446 581726390 581726390 581726390 1250471 1250471 1250471 92345578 92345578 138729166 138729166 138729166 138729166 138729166 138729166 138729166 138729166 842847108 842847108 842847108 842847108 842847108 842847108 842847108 842847108 755862339 755862339 755862339 755862339 755862339 755862339 603531688 603531688 184212950 184212950 184212950 975804942 975804942 776561815 776561815 776561815 776561815 369892734 219628035 219628035 219628035 219628035
44
848436749 848436749 848436749 848436749 848436749 848436749 848436749 139524605 139524605 139524605 139524605 139524605 139524605 139524605 139524605 139524605 139524605 94837362 94837362 94837362 94837362 165099677 165099677 165099677 165099677 165099677 165099677 165099677 165099677 165099677 694504167 968468425 968468425 968468425 968468425 968468425 597550028 597550028 597550028 285712077 285712077 285712077 285712077 471285194
46
897560544 897560544 897560544 897560544 897560544 897560544 236663608 236663608 236663608 236663608 236663608 236663608 236663608 583627439 583627439 583627439 583627439 910929935 910929935 910929935 910929935 910929935 468961783 468961783 468961783 468961783 468961783 468961783 468961783 570499520 570499520 570499520 570499520 570499520 570499520 241598485 241598485 239009408 239009408 239009408 239009408 239009408 904185125 904185125 904185125 184542517
41
770540766 770540766 770540766 770540766 770540766 770540766 770540766 770540766 770540766 770540766 960160167 960160167 760105296 760105296 760105296 760105296 760105296 760105296 760105296 760105296 760105296 419903819 127199088 127199088 127199088 127199088 127199088 127199088 127199088 467031826 467031826 467031826 467031826 467031826 469812741 189891560 189891560 189891560 189891560 189891560 612261669
44
672957957 672957957 767002424 568910431 568910431 568910431 692537218 692537218 692537218 692537218 692537218 692537218 692537218 766470089 766470089 336015830 336015830 336015830 336015830 336015830 336015830 336015830 552471928 552471928 552471928 552471928 552471928 726299554 726299554 726299554 726299554 726299554 726299554 726299554 726299554 726299554 540034597 540034597 540034597 540034597 540034597 510824934 510824934 271569549
43
277856013 277856013 277856013 277856013 277856013 499016060 499016060 499016060 499016060 499016060 522743525 522743525 522743525 522743525 522743525 522743525 844276661 844276661 553399488 553399488 72411516 72411516 72411516 72411516 72411516 72411516 72411516 72411516 72411516 119855360 119855360 119855360 119855360 119855360 254151925 869372884 869372884 869372884 869372884 869372884 900890720 900890720 900890720
50
982695851 982695851 982695851 982695851 982695851 982695851 982695851 982695851 982695851 982695851 374171543 374171543 989092037 989092037 989092037 989092037 989092037 989092037 989092037 989092037 989092037 442524365 442524365 442524365 442524365 476158638 700417566 700417566 700417566 700417566 700417566 700417566 3257069 3257069 3257069 3257069 762740252 762740252 762740252 762740252 762740252 621995155 740263392 740263392 740263392 740263392 740263392 740263392 60591149 60591149
43
826877135 826877135 826877135 826877135 826877135 826877135 826877135 150889671 150889671 150889671 475754673 475754673 475754673 475754673 39043515 39043515 39043515 39043515 517634219 349220241 349220241 349220241 349220241 349220241 349220241 166539307 166539307 166539307 166539307 524579357 524579357 524579357 524579357 524579357 524579357 50309713 103141697 103141697 103141697 443027156 443027156 146786173 892715317
48
37035378 37035378 37035378 37035378 37035378 551810305 551810305 551810305 858012694 858012694 858012694 858012694 858012694 858012694 221436411 221436411 221436411 221436411 319650454 319650454 319650454 319650454 927336763 927336763 599366589 599366589 599366589 599366589 599366589 599366589 599366589 599366589 599366589 63947481 63947481 63947481 63947481 63947481 200639247 200639247 200639247 200639247 200639247 200639247 200639247 200639247 200639247 734565172
42
872799894 872799894 872799894 872799894 872799894 872799894 872799894 872799894 872799894 182172042 182172042 182172042 182172042 182172042 182172042 182172042 182172042 182172042 182172042 738274063 738274063 738274063 738274063 738274063 738274063 738274063 738274063 738274063 982683570 982683570 982683570 982683570 982683570 982683570 982683570 982683570 384461967 384461967 384461967 384461967 384461967 478499025
43
382960196 382960196 382960196 382960196 382960196 2748983 2748983 2748983 2748983 947123516 947123516 947123516 947123516 947123516 947123516 947123516 947123516 270741919 270741919 270741919 270741919 270741919 270741919 270741919 270741919 270741919 270741919 27039639 27039639 861845746 861845746 861845746 844750445 844750445 844750445 844750445 844750445 844750445 844750445 844750445 844750445 671480384 80931639
48
740311726 261259738 261259738 261259738 261259738 404291670 220486987 220486987 220486987 220486987 220486987 220486987 220486987 220486987 220486987 935151322 935151322 935151322 935151322 935151322 935151322 935151322 935151322 935151322 935151322 122292552 122292552 122292552 122292552 962414759 962414759 962414759 962414759 483769663 483769663 483769663 483769663 861746006 861746006 334125813 334125813 500058600 500058600 500058600 500058600 586074866 427821412 207974683
45
975196629 975196629 975196629 975196629 975196629 975196629 975196629 975196629 673299686 673299686 673299686 673299686 673299686 673299686 798608983 798608983 798608983 798608983 798608983 798608983 943764921 943764921 943764921 943764921 943764921 55401971 55401971 55401971 33654182 81252380 81252380 81252380 81252380 81252380 4645751 4645751 4645751 344420911 664720736 664720736 664720736 664720736 735410905 735410905 141297841
46
927505743 927505743 927505743 927505743 927505743 855762694 855762694 855762694 855762694 855762694 855762694 119840286 119840286 563170300 563170300 563170300 563170300 563170300 563170300 563170300 563170300 563170300 956777593 748233303 748233303 748233303 54857647 54857647 54857647 54857647 54857647 54857647 977967967 977967967 977967967 344606423 344606423 344606423 344606423 344606423 344606423 344606423 162138199 162138199 162138199 100640223
45
37333412 37333412 37333412 37333412 37333412 37333412 427509401 427509401 748004164 748004164 748004164 748004164 748004164 748004164 748004164 748004164 748004164 748004164 217287359 217287359 217287359 217287359 217287359 217287359 217287359 70738723 70738723 793747439 793747439 793747439 793747439 793747439 793747439 793747439 793747439 793747439 793747439 947069673 147221538 147221538 147221538 147221538 147221538 194628826 240294069
43
875644462 875644462 875644462 875644462 881401054 881401054 881401054 888790822 888790822 888790822 696791177 696791177 696791177 696791177 142117892 142117892 142117892 116599272 356976349 356976349 870523954 870523954 870523954 870523954 870523954 870523954 870523954 902998936 902998936 902998936 902998936 902998936 902998936 713322666 876180222 876180222 876180222 876180222 876180222 876180222 127474977 236517394 236517394
44
25913884 25913884 25913884 25913884 25913884 25913884 25913884 58782708 177494425 177494425 177494425 177494425 177494425 177494425 177494425 177494425 522409971 522409971 392374139 392374139 392374139 392374139 392374139 392374139 392374139 392374139 392374139 392374139 114156342 114156342 114156342 114156342 580289969 580289969 580289969 580289969 580289969 580289969 580289969 580289969 580289969 468241022 782981522 782981522
41
307864576 307864576 307864576 307864576 127095578 127095578 127095578 127095578 127095578 127095578 127095578 127095578 127095578 658168944 658168944 658168944 968987722 968987722 968987722 968987722 26736292 26736292 26736292 26736292 507745615 507745615 507745615 507745615 507745615 507745615 507745615 507745615 507745615 566122014 566122014 710470419 710470419 710470419 710470419 344196044 782570485
46
954244436 954244436 40307720 40307720 40307720 40307720 40307720 40307720 40307720 40307720 40307720 40307720 115866593 115866593 115866593 115866593 262079389 262079389 262079389 640266106 640266106 568982973 568982973 568982973 568982973 568982973 253920818 253920818 253920818 253920818 253920818 253920818 253920818 253920818 253920818 253920818 53044710 53044710 53044710 53044710 53044710 53044710 53044710 57468036 511125901 511125901
48
358954429 358954429 358954429 253074966 253074966 253074966 253074966 253074966 253074966 160047622 160047622 160047622 160047622 748446804 748446804 748446804 108137215 108137215 108137215 108137215 108137215 108137215 535354841 535354841 535354841 535354841 535354841 535354841 535354841 535354841 535354841 379175408 379175408 379175408 379175408 379175408 379175408 466548411 466548411 466548411 466548411 820202923 820202923 820202923 820202923 653422536 653422536 653422536
48
191203308 191203308 191203308 191203308 191203308 267186457 267186457 267186457 267186457 267186457 267186457 317789681 317789681 317789681 317789681 317789681 317789681 317789681 317789681 317789681 703526353 703526353 703526353 703526353 703526353 703526353 703526353 752763953 752763953 752763953 752763953 752763953 752763953 196453762 196453762 196453762 196453762 908735065 907281867 907281867 907281867 907281867 77736829 77736829 77736829 77736829 77736829 898838390
44
298123923 298123923 298123923 298123923 298123923 298123923 298123923 298123923 998332192 998332192 998332192 411993375 411993375 411993375 411993375 411993375 411993375 411993375 411993375 411993375 7011871 7011871 76708288 76708288 76708288 76708288 76708288 76708288 76708288 76708288 61256302 61256302 61256302 61256302 61256302 61256302 61256302 61256302 61256302 61256302 970203718 970203718 843880157 843880157
44
552651162 552651162 552651162 552651162 552651162 552651162 552651162 552651162 552651162 161848239 161848239 161848239 161848239 161848239 161848239 161848239 161848239 326078476 326078476 326078476 326078476 326078476 115946457 115946457 115946457 115946457 115946457 983761158 983761158 983761158 118715780 118715780 118715780 118715780 118715780 207005808 207005808 207005808 207005808 207005808 207005808 207005808 905769457 323807013
43
362635369 362635369 976791498 976791498 976791498 976791498 976791498 976791498 702007396 702007396 702007396 702007396 702007396 702007396 702007396 27658438 27658438 27658438 27658438 27658438 27658438 27658438 27658438 981121992 981121992 981121992 981121992 981121992 981121992 981121992 981121992 981121992 981121992 712798399 712798399 712798399 712798399 712798399 712798399 712798399 688798718 688798718 612818260
41
244361150 244361150 244361150 244361150 244361150 244361150 39866393 758032270 455441851 455441851 455441851 455441851 455441851 455441851 455441851 455441851 455441851 749203482 749203482 716867395 716867395 716867395 716867395 716867395 716867395 716867395 716867395 716867395 179897187 179897187 179897187 179897187 179897187 179897187 179897187 179897187 179897187 179897187 287745160 287745160 287745160
49
895628383 895628383 230547626 230547626 230547626 230547626 230547626 230547626 230547626 799379389 799379389 799379389 799379389 799379389 799379389 799379389 333681870 333681870 333681870 333681870 333681870 937479829 937479829 937479829 937479829 937479829 937479829 937479829 937479829 383972658 383972658 383972658 383972658 383972658 383972658 383972658 166272244 166272244 166272244 166272244 166272244 166272244 166272244 166272244 166272244 25733789 388127182 902352126 902352126
45
371009524 371009524 96136969 96136969 96136969 96136969 96136969 96136969 96136969 96136969 96136969 96136969 707754544 707754544 707754544 707754544 707754544 707754544 707754544 707754544 707754544 707754544 803477851 803477851 591872993 591872993 591872993 46201705 46201705 46201705 46201705 46201705 46201705 46201705 46201705 18482535 930342584 930342584 327295553 290069307 290069307 290069307 290069307 290069307 700994073
45
50766201 50766201 50766201 50766201 50766201 50766201 384065780 384065780 384065780 384065780 384065780 384065780 368286249 368286249 368286249 368286249 368286249 368286249 931479563 647731620 647731620 647731620 647731620 742318682 742318682 742318682 742318682 742318682 818699531 818699531 818699531 604936119 604936119 604936119 604936119 604936119 604936119 604936119 604936119 604936119 748531040 748531040 748531040 748531040 985048117
40
808899484 808899484 808899484 808899484 808899484 678669567 678669567 678669567 678669567 678669567 678669567 678669567 678669567 942354162 942354162 942354162 942354162 942354162 942354162 942354162 942354162 942354162 368665819 368665819 368665819 73476 73476 73476 73476 73476 73476 73476 73476 73476 73476 758183950 758183950 21941201 323852163 323852163
43
60352006 60352006 60352006 60352006 196597228 304886362 304886362 304886362 304886362 7052791 421048855 421048855 421048855 421048855 421048855 421048855 421048855 421048855 836416532 508246470 508246470 508246470 508246470 508246470 633930586 633930586 633930586 633930586 633930586 633930586 633930586 633930586 633930586 478908494 478908494 478908494 478908494 90702703 347263302 347263302 347263302 168501151 814601850
50
925644906 925644906 925644906 22789928 22789928 22789928 22789928 22789928 22789928 22789928 22789928 22789928 59190004 59190004 59190004 59190004 59190004 59190004 59190004 59190004 59190004 59190004 25900484 821402574 821402574 177136130 177136130 177136130 177136130 177136130 177136130 177136130 177136130 177136130 177136130 160374183 160374183 296991128 296991128 296991128 296991128 296991128 296991128 296991128 296991128 296991128 575344012 491132226 491132226 491132226
40
554377298 554377298 554377298 554377298 554377298 554377298 554377298 87464161 87464161 87464161 87464161 87464161 87464161 87464161 87464161 87464161 87464161 305787928 305787928 305787928 305787928 305787928 305787928 305787928 56230236 56230236 56230236 56230236 56230236 56230236 56230236 229212883 229212883 229212883 609053604 609053604 609053604 609053604 609053604 126938242
4
2 2 3 3
48
71269339 71269339 71269339 71269339 71269339 71269339 50387119 50387119 50387119 54372116 54372116 54372116 54372116 54372116 826421692 826421692 826421692 826421692 826421692 826421692 826421692 826421692 826421692 461828611 461828611 461828611 461828611 461828611 461828611 461828611 461828611 839726545 839726545 839726545 839726545 839726545 70704216 70704216 70704216 70704216 70704216 70704216 70704216 70704216 70704216 70704216 109547353 109547353
47
894626224 894626224 894626224 894626224 894626224 894626224 894626224 894626224 894626224 894626224 370877709 370877709 660549505 660549505 660549505 660549505 525700721 525700721 525700721 525700721 525700721 499017645 499017645 499017645 499017645 499017645 499017645 759483017 759483017 759483017 759483017 759483017 759483017 759483017 716090780 716090780 716090780 716090780 987033648 987033648 987033648 348466555 348466555 348466555 88464140 88464140 580079628
48
189223697 189223697 189223697 189223697 189223697 189223697 566769251 566769251 566769251 566769251 566769251 566769251 566769251 942924658 779593816 779593816 779593816 779593816 779593816 779593816 779593816 779593816 779593816 542568445 542568445 542568445 542568445 230964950 230964950 230964950 230964950 230964950 230964950 643072167 643072167 643072167 643072167 643072167 643072167 643072167 351286125 351286125 351286125 351286125 351286125 351286125 351286125 920285031
47
105750058 105750058 105750058 105750058 105750058 105750058 105750058 105750058 160889748 160889748 160889748 160889748 160889748 160889748 160889748 160889748 160889748 389118610 389118610 389118610 389118610 389118610 21889731 21889731 21889731 930921638 926305573 926305573 926305573 926305573 926305573 926305573 926305573 926305573 926305573 926305573 322061940 322061940 322061940 322061940 322061940 862824002 99142694 99142694 99142694 126052867 53810770
47
635499079 635499079 635499079 635499079 198818617 198818617 198818617 198818617 198818617 198818617 198818617 379655563 379655563 379655563 379655563 379655563 379655563 379655563 379655563 361950185 361950185 361950185 361950185 361950185 361950185 361950185 361950185 95164919 95164919 95164919 95164919 95164919 298792061 298792061 298792061 298792061 298792061 298792061 298792061 298792061 469735459 469735459 469735459 469735459 687507576 687507576 687507576
47
656527470 718175246 718175246 718175246 718175246 718175246 718175246 718175246 564404669 564404669 564404669 564404669 564404669 564404669 564404669 564404669 564404669 564404669 15097227 15097227 15097227 851569703 851569703 851569703 245266658 245266658 245266658 245266658 245266658 245266658 245266658 22587766 22587766 22587766 22587766 22587766 22587766 22587766 22587766 22587766 96372466 96372466 96372466 96372466 96372466 96372466 96372466
50
613144942 613144942 613144942 613144942 613144942 613144942 591403597 591403597 283296663 283296663 283296663 283296663 283296663 283296663 283296663 283296663 283296663 283296663 978723949 72743301 72743301 796447859 796447859 71626295 71626295 71626295 71626295 71626295 71626295 71626295 71626295 71626295 71626295 834063066 241049887 241049887 241049887 241049887 241049887 241049887 241049887 241049887 470368403 470368403 470368403 769729910 769729910 769729910 769729910 769729910
41
9532715 9532715 9532715 9532715 9532715 9532715 21663599 21663599 21663599 21663599 21663599 21663599 21663599 21663599 544399713 544399713 544399713 544399713 544399713 544399713 544399713 544399713 564874566 564874566 564874566 564874566 564874566 564874566 564874566 564874566 564874566 564874566 107076951 107076951 107076951 107076951 107076951 107076951 107076951 107076951 107076951
45
112154150 112154150 112154150 327980951 327980951 327980951 327980951 590177870 590177870 590177870 590177870 590177870 590177870 590177870 590177870 262167068 976060145 976060145 976060145 976060145 976060145 976060145 578395304 578395304 578395304 578395304 578395304 578395304 109353962 109353962 919558020 919558020 919558020 919558020 919558020 527378602 527378602 527378602 527378602 527378602 527378602 527378602 527378602 527378602 527378602
42
249522747 249522747 249522747 249522747 249522747 249522747 249522747 151876351 151876351 151876351 151876351 151876351 151876351 151876351 151876351 151876351 100761256 100761256 100761256 100761256 100761256 100761256 350683597 350683597 350683597 350683597 350683597 350683597 350683597 350683597 350683597 905515451 905515451 905515451 905515451 905515451 60253434 60253434 453928472 453928472 453928472 219171226
44
200129627 200129627 200129627 200129627 200129627 200129627 63716112 63716112 63716112 63716112 63716112 63716112 210775605 210775605 210775605 210775605 210775605 210775605 210775605 210775605 210775605 210775605 361524934 361524934 625968660 625968660 849655557 849655557 849655557 542638529 542638529 542638529 542638529 542638529 542638529 542638529 668601837 668601837 668601837 668601837 668601837 668601837 668601837 4924688
49
552427264 552427264 552427264 552427264 552427264 552427264 552427264 809073896 809073896 809073896 809073896 809073896 809073896 899587787 899587787 899587787 899587787 608187331 608187331 608187331 608187331 608187331 608187331 608187331 608187331 608187331 608187331 618727828 618727828 618727828 878909399 117129516 117129516 117129516 117129516 117129516 117129516 117129516 117129516 847497359 847497359 847497359 215443491 29865503 29865503 29865503 111853608 111853608 111853608
43
23579250 23579250 23579250 23579250 23579250 23579250 23579250 570729162 570729162 570729162 570729162 570729162 570729162 570729162 954305526 954305526 954305526 954305526 954305526 954305526 954305526 954305526 723350385 723350385 549419034 549419034 549419034 549419034 474924566 474924566 474924566 474924566 474924566 474924566 474924566 474924566 474924566 474924566 35793622 35793622 35793622 937306348 937306348
49
228913735 228913735 228913735 228913735 228913735 68745492 68745492 68745492 68745492 68745492 68745492 68745492 68745492 970442944 423653164 423653164 423653164 423653164 423653164 423653164 423653164 423653164 423653164 865925856 865925856 865925856 506325760 506325760 506325760 506325760 506325760 506325760 506325760 506325760 686238181 686238181 686238181 686238181 686238181 686238181 784958023 784958023 784958023 784958023 784958023 97519954 629542504 629542504 629542504
44
926108941 926108941 926108941 926108941 926108941 926108941 954985686 954985686 954985686 954985686 954985686 954985686 821168199 821168199 821168199 324488569 324488569 324488569 324488569 324488569 324488569 738184897 738184897 738184897 738184897 738184897 738184897 738184897 738184897 292988898 292988898 292988898 292988898 830721365 830721365 830721365 830721365 830721365 830721365 830721365 533464647 533464647 533464647 706399546
45
789473532 789473532 789473532 789473532 789473532 789473532 789473532 789473532 789473532 789473532 639885215 639885215 639885215 639885215 639885215 639885215 639885215 639885215 9397385 9397385 9397385 9397385 548771129 9055593 9055593 9055593 9055593 9055593 9055593 9055593 9055593 848991050 848991050 848991050 848991050 848991050 119445355 277649368 277649368 952510494 952510494 952510494 952510494 952510494 218551580
47
84907569 84907569 747551223 747551223 747551223 747551223 747551223 774476461 774476461 263644501 263644501 263644501 263644501 263644501 263644501 455446491 455446491 455446491 455446491 455446491 455446491 455446491 455446491 455446491 455446491 959287084 959287084 959287084 959287084 959287084 959287084 959287084 446866581 446866581 446866581 446866581 446866581 446866581 446866581 446866581 446866581 371702097 371702097 371702097 371702097 371702097 371702097
40
986802943 986802943 986802943 986802943 986802943 986802943 399149444 399149444 399149444 399149444 399149444 399149444 399149444 399149444 399149444 799774853 799774853 799774853 315211900 315211900 315211900 315211900 315211900 315211900 315211900 315211900 738287677 738287677 738287677 738287677 916134671 916134671 150428362 150428362 150428362 150428362 150428362 465359995 637348113 547282843
42
250767539 47172755 47172755 47172755 727804599 727804599 727804599 727804599 727804599 727804599 727804599 727804599 727804599 727804599 98734249 98734249 98734249 98734249 98734249 98734249 98734249 98734249 98734249 98734249 7421517 7421517 7421517 144191687 144191687 144191687 144191687 144191687 489770242 489770242 489770242 489770242 489770242 489770242 489770242 845456878 786534301 786534301
42
91384520 91384520 91384520 91384520 91384520 91384520 91384520 91384520 91384520 969945675 969945675 969945675 969945675 969945675 969945675 969945675 969945675 969945675 969945675 430638759 430638759 533552995 533552995 533552995 533552995 533552995 533552995 533552995 533552995 92135512 92135512 92135512 92135512 92135512 92135512 92135512 92135512 92135512 92135512 90558441 952322282 952322282
40
367601447 328954922 328954922 328954922 328954922 328954922 764573206 21366537 21366537 21366537 21366537 21366537 21366537 21366537 897815107 897815107 897815107 897815107 897815107 897815107 897815107 897815107 897815107 897815107 154411753 154411753 154411753 154411753 154411753 154411753 154411753 992254140 144548157 144548157 144548157 144548157 144548157 144548157 41890825 41890825
49
278272945 278272945 278272945 278272945 840684635 840684635 840684635 840684635 840684635 840684635 840684635 840684635 840684635 840684635 768630162 768630162 768630162 768630162 768630162 768630162 768630162 768630162 768630162 768630162 362203716 362203716 362203716 362203716 362204545 362204545 362204545 362204545 362204545 362204545 362204545 362204545 362204545 131255149 131255149 131255149 131255149 131255149 131255149 131255149 131255149 131255149 9199127 13279866 43385877
50
702076485 702076485 702076485 702076485 176244306 176244306 176244306 176244306 176244306 176244306 176244306 176244306 471062179 338099449 338099449 338099449 338099449 338099449 818127123 818127123 818127123 818127123 709474839 709474839 709474839 709474839 709474839 114856196 114856196 114856196 387521367 387521367 387521367 282316070 282316070 406969555 406969555 406969555 406969555 406969555 406969555 406969555 997614551 997614551 997614551 997614551 625496444 625496444 625496444 625496444
45
948994754 948994754 948994754 948994754 948994754 948994754 948994754 126513550 126513550 126513550 126513550 126513550 126513550 979007879 979007879 979007879 979007879 979007879 979007879 979007879 979007879 979007879 329915687 329915687 329915687 329915687 329915687 329915687 688257974 688257974 688257974 688257974 688257974 688257974 681762635 681762635 681762635 681762635 681762635 681762635 681762635 590662691 590662691 543062187 227427915
44
579250375 579250375 579250375 85924946 85924946 98591378 98591378 98591378 98591378 98591378 98591378 98591378 98591378 98591378 98591378 74508684 74508684 74508684 74508684 74508684 74508684 74508684 74508684 567258387 75496537 75496537 75496537 75496537 75496537 554628901 954670035 954670035 954670035 432366681 432366681 432366681 432366681 432366681 432366681 432366681 432366681 702510637 214545969 214545969
50
412095342 412095342 389507011 389507011 389507011 389507011 389507011 389507011 389507011 389507011 219306947 219306947 219306947 219306947 219306947 219306947 45025216 45025216 45025216 45025216 45025216 45025216 45025216 45025216 45025216 950918194 950918194 891111965 891111965 891111965 891111965 891111965 891111965 891111965 688105326 688105326 688105326 688105326 688105326 688105326 688105326 688105326 688105326 688105326 243572916 243572916 243572916 549283062 259260230 865338142
48
378045031 378045031 378045031 942796019 8728445 8728445 8728445 8728445 466249813 466249813 466249813 466249813 466249813 466249813 659693108 659693108 659693108 659693108 659693108 659693108 659693108 659693108 659693108 659693108 444205290 444205290 444205290 444205290 444205290 847840545 847840545 847840545 847840545 847840545 847840545 245339894 245339894 117489176 117489176 284838 284838 284838 284838 284838 874713265 874713265 874713265 962653088
47
744143023 744143023 744143023 744143023 744143023 744143023 744143023 744143023 744143023 355903036 355903036 355903036 355903036 421819571 421819571 421819571 421819571 421819571 558037848 558037848 558037848 558037848 126910912 126910912 126910912 126910912 126910912 126910912 126910912 126910912 126910912 126910912 93918499 93918499 93918499 617329550 617329550 617329550 617329550 617329550 617329550 617329550 617329550 617329550 617329550 672130436 600885208
1
233
46
975701263 975701263 975701263 975701263 975701263 975701263 975701263 975701263 975701263 975701263 32761556 27019908 27019908 27019908 875759509 875759509 875759509 875759509 402901057 402901057 402901057 607559631 607559631 607559631 607559631 607559631 607559631 607559631 607559631 607559631 962583080 962583080 962583080 962583080 962583080 962583080 962583080 962583080 403187863 403187863 403187863 403187863 403187863 971056473 781392721 278668728
49
713521587 713521587 713521587 713521587 713521587 713521587 713521587 713521587 713521587 330874723 330874723 330874723 330874723 330874723 330874723 330874723 330874723 330874723 330874723 814341046 814341046 814341046 814341046 814341046 814341046 346620489 346620489 585037247 585037247 585037247 585037247 585037247 585037247 585037247 585037247 137116936 137116936 137116936 137116936 137116936 137116936 137116936 137116936 137116936 137116936 697186924 697186924 78685040 78685040
45
836191524 836191524 836191524 836191524 836191524 836191524 836191524 836191524 836191524 836191524 564298991 564298991 564298991 564298991 564298991 564298991 564298991 452551186 452551186 452551186 452551186 452551186 452551186 452551186 452551186 452551186 654366176 654366176 654366176 654366176 654366176 654366176 654366176 202510945 202510945 202510945 202510945 202510945 202510945 202510945 202510945 202510945 80204231 80204231 80204231
48
960400401 960400401 960400401 960400401 960400401 960400401 960400401 960400401 844767398 844767398 119526015 119526015 119526015 119526015 119526015 119526015 119526015 119526015 119526015 119526015 161324889 161324889 161324889 161324889 161324889 161324889 161324889 161324889 161324889 5419020 5419020 88610669 88610669 88610669 88610669 561408157 561408157 561408157 561408157 561408157 561408157 561408157 561408157 876277800 876277800 876277800 2596733 2596733
42
834451288 834451288 834451288 339527324 339527324 339527324 339527324 339527324 339527324 339527324 351671873 351671873 351671873 351671873 351671873 351671873 351671873 351671873 351671873 26380697 26380697 26380697 26380697 26380697 26380697 26380697 26380697 26380697 588795774 588795774 588795774 588795774 588795774 588795774 186743735 186743735 186743735 186743735 136252 136252 136252 77532770
42
691063357 691063357 691063357 691063357 691063357 691063357 691063357 691063357 691063357 716669982 125757380 125757380 125757380 125757380 125757380 125757380 125757380 149052654 149052654 149052654 614558285 614558285 614558285 614558285 393713419 393713419 393713419 393713419 393713419 393713419 393713419 393713419 393713419 393713419 685413848 685413848 418030318 418030318 418030318 640143995 640143995 640143995
48
93231176 93231176 93231176 93231176 93231176 93231176 93231176 93231176 412405895 33216572 33216572 33216572 33216572 33216572 33216572 33216572 748871505 748871505 748871505 746745629 746745629 746745629 746745629 746745629 448263271 448263271 448263271 448263271 448263271 448263271 448263271 448263271 174049926 174049926 174049926 174049926 174049926 174049926 174049926 174049926 174049926 174049926 321965875 321965875 321965875 321965875 321965875 299270185
44
117281227 117281227 117281227 117281227 117281227 117281227 117281227 378483892 378483892 378483892 378483892 378483892 378483892 598853287 598853287 598853287 598853287 598853287 598853287 598853287 598853287 598853287 598853287 866990764 729795356 729795356 729795356 729795356 729795356 747996708 747996708 323865342 323865342 323865342 576399031 576399031 576399031 576399031 576399031 576399031 576399031 576399031 576399031 576399031
45
400283432 400283432 400283432 400283432 400283432 400283432 400283432 400283432 400283432 256142474 256142474 857671196 857671196 857671196 857671196 857671196 857671196 857671196 857671196 857671196 857671196 286119054 286119054 286119054 286119054 286119054 978353421 978353421 978353421 978353421 978353421 978353421 978353421 978353421 115936824 115936824 115936824 115936824 115936824 115936824 115936824 115936824 722114805 722114805 722114805
40
190407039 831371331 831371331 831371331 719888834 719888834 719888834 719888834 719888834 719888834 176670258 176670258 444868765 979697489 979697489 979697489 979697489 979697489 992611851 992611851 992611851 992611851 992611851 992611851 992611851 992611851 992611851 992611851 479052614 479052614 479052614 479052614 479052614 479052614 479052614 479052614 356898932 356898932 356898932 356898932
5
2 3 3 4 3
43
718027576 718027576 718027576 718027576 718027576 718027576 404643906 404643906 404643906 404643906 404643906 404643906 404643906 404643906 901408140 901408140 901408140 901408140 649420193 649420193 649420193 649420193 649420193 931736563 931736563 931736563 931736563 931736563 931736563 931736563 931736563 931736563 931736563 179012366 179012366 179012366 179012366 179012366 179012366 179012366 720227627 720227627 641680408
46
368832505 368832505 368832505 368832505 368832505 625397139 625397139 625397139 725744299 725744299 725744299 725744299 725744299 725744299 725744299 699934610 699934610 699934610 699934610 699934610 699934610 699934610 699934610 699934610 699934610 483272827 483272827 483272827 483272827 993623670 993623670 993623670 993623670 648278869 648278869 648278869 648278869 648278869 648278869 648278869 648278869 648278869 759533718 398157252 398157252 809929726
47
750364795 750364795 750364795 750364795 750364795 750364795 439372488 439372488 316265940 316265940 316265940 316265940 316265940 316265940 434764112 434764112 548759950 548759950 548759950 548759950 548759950 548759950 548759950 901855866 901855866 901855866 901855866 901855866 917605285 917605285 917605285 917605285 917605285 917605285 917605285 917605285 438126535 438126535 187863045 187863045 187863045 187863045 187863045 187863045 187863045 187863045 187863045
45
972820058 972820058 972820058 972820058 972820058 165937546 165937546 165937546 165937546 641171318 641171318 641171318 641171318 641171318 641171318 641171318 641171318 6129492 6129492 6129492 6129492 6129492 6129492 6129492 6129492 242559719 242559719 242559719 242559719 242559719 242559719 93824128 364453579 364453579 364453579 364453579 364453579 364453579 143351812 143351812 850155002 850155002 850155002 30115704 30115704
43
209429524 388882535 388882535 388882535 673732760 315811231 315811231 315811231 315811231 315811231 315811231 315811231 315811231 451034609 451034609 451034609 451034609 451034609 451034609 451034609 451034609 641313362 641313362 641313362 641313362 354508631 354508631 354508631 354508631 354508631 354508631 733620934 733620934 733620934 823343818 823343818 823343818 823343818 823343818 823343818 489993482 867152926 961800934
41
473772453 473772453 473772453 473772453 851508859 851508859 851508859 851508859 851508859 851508859 851508859 851508859 851508859 248598763 248598763 248598763 248598763 757498794 757498794 757498794 757498794 757498794 757498794 757498794 757498794 757498794 229721627 229721627 229721627 229721627 229721627 229721627 229721627 229721627 825888707 825888707 825888707 825888707 825888707 383089032 457894671
42
639315844 917703930 929401147 929401147 929401147 929401147 11132251 11132251 11132251 11132251 11132251 11132251 11132251 11132251 582702178 582702178 356121299 356121299 356121299 356121299 356121299 472553077 472553077 472553077 472553077 472553077 51092241 51092241 51092241 51092241 51092241 51092241 51092241 93137228 93137228 93137228 93137228 351339525 351339525 351339525 351339525 351339525
49
54078016 54078016 54078016 54078016 54078016 54078016 492319820 492319820 492319820 492319820 208303587 208303587 208303587 208303587 208303587 208303587 681583698 681583698 681583698 681583698 681583698 681583698 840688918 840688918 840688918 840688918 859217984 859217984 859217984 859217984 777825751 777825751 777825751 777825751 777825751 777825751 777825751 777825751 777825751 973389947 973389947 973389947 973389947 973389947 973389947 973389947 413713948 413713948 413713948
40
94208319 925871039 925871039 809226555 809226555 809226555 809226555 809226555 809226555 809226555 809226555 198687942 198687942 198687942 198687942 198687942 198687942 198687942 198687942 198687942 198687942 50287633 50287633 50287633 50287633 50287633 214514708 214514708 756805829 756805829 756805829 756805829 756805829 756805829 756805829 756805829 551802865 551802865 551802865 551802865
50
289448848 289448848 289448848 289448848 289448848 289448848 289448848 289448848 289448848 209236768 265403792 265403792 33243314 33243314 981425542 981425542 981425542 981425542 981425542 770268206 770268206 770268206 770268206 770268206 770268206 770268206 770268206 770268206 770268206 179475575 179475575 179475575 179475575 179475575 179475575 179475575 179475575 893590351 893590351 59210675 59210675 59210675 59210675 59210675 59210675 59210675 59210675 59210675 59210675 189913433
40
962825794 962825794 254972329 254972329 254972329 254972329 917247968 917247968 917247968 917247968 917247968 554150056 554150056 554150056 554150056 554150056 132513778 132513778 132513778 132513778 132513778 132513778 132513778 132513778 132513778 761491950 761491950 761491950 28721524 28721524 28721524 28721524 28721524 28721524 28721524 28721524 648973857 648973857 482145157 729145414
8
3 4 1 4 2 5 3 1
46
600439808 600439808 600439808 67240946 67240946 67240946 67240946 67240946 67240946 67240946 67240946 784217892 784217892 784217892 784217892 784217892 784217892 784217892 784217892 784217892 834750200 834750200 834750200 834750200 17672946 17672946 17672946 17672946 17672946 17672946 17672946 17672946 17672946 17672946 382848577 382848577 382848577 382848577 382848577 145052164 145052164 145052164 145052164 145052164 877314885 568470403
41
422254783 422254783 422254783 422254783 422254783 422254783 827755482 827755482 138924421 138924421 138924421 138924421 138924421 649302141 649302141 649302141 649302141 649302141 360787675 360787675 360787675 360787675 265971293 265971293 265971293 265971293 265971293 265971293 265971293 265971293 948152999 948152999 166755565 166755565 738769932 738769932 70308806 70308806 70308806 70308806 787630242
40
264973707 743820475 743820475 743820475 743820475 743820475 743820475 743820475 707337088 707337088 707337088 707337088 213377528 213377528 213377528 213377528 213377528 213377528 213377528 213377528 213377528 526555547 526555547 526555547 526555547 526555547 526555547 824832756 824832756 824832756 824832756 824832756 824832756 824832756 824832756 471646078 471646078 845120739 845120739 885895717
48
298117003 298117003 298117003 298117003 298117003 298117003 656367813 656367813 357489484 557245760 557245760 557245760 89280650 694238092 694238092 694238092 694238092 694238092 694238092 694238092 694238092 781953020 781953020 149395529 149395529 149395529 149395529 149395529 149395529 149395529 149395529 149395529 102917256 102917256 102917256 102917256 102917256 102917256 102917256 102917256 102917256 593792460 720347156 720347156 648242506 648242506 648242506 523067033
46
712407704 712407704 712407704 712407704 712407704 970933714 970933714 970933714 970933714 970933714 339593504 327303758 327303758 327303758 327303758 327303758 532598275 495752629 495752629 495752629 135718248 135718248 135718248 74252089 74252089 74252089 74252089 74252089 74252089 74252089 802928674 802928674 802928674 802928674 802928674 802928674 802928674 253443328 253443328 253443328 253443328 253443328 741627344 741627344 741627344 741627344
3
233 233 233
4
1 5 3 1
49
133309044 133309044 521708935 521708935 521708935 521708935 521708935 521708935 521708935 678281976 678281976 678281976 678281976 678281976 678281976 678281976 678281976 678281976 678281976 809662790 809662790 809662790 809662790 809662790 809662790 809662790 809662790 723079613 723079613 723079613 723079613 723079613 723079613 723079613 723079613 338251720 338251720 338251720 338251720 338251720 338251720 395211240 395211240 835481001 835481001 835481001 317073780 317073780 317073780
43
320317583 320317583 320317583 320317583 320317583 330905463 330905463 330905463 330905463 330905463 175603816 175603816 175603816 175603816 175603816 175603816 175603816 175603816 175603816 175603816 241884972 241884972 241884972 241884972 241884972 241884972 241884972 417042619 629720515 629720515 629720515 629720515 629720515 362258910 362258910 362258910 362258910 362258910 587211579 587211579 587211579 587211579 66133446
49
155187192 155187192 818043424 818043424 818043424 818043424 603253923 603253923 838361946 838361946 838361946 838361946 103284093 103284093 103284093 771116489 771116489 771116489 771116489 771116489 771116489 771116489 771116489 771116489 771116489 67131482 67131482 67131482 67131482 67131482 67131482 67131482 67131482 67131482 67131482 192184731 192184731 192184731 192184731 192184731 13250578 13250578 13250578 13250578 13250578 13250578 13250578 13250578 572409118
43
199021182 199021182 199021182 199021182 199021182 199021182 199021182 199021182 312646196 312646196 312646196 312646196 312646196 312646196 312646196 312646196 312646196 122802901 122802901 122802901 122802901 122802901 122802901 122802901 122802901 229881223 229881223 229881223 229881223 229881223 229881223 119008666 119008666 119008666 119008666 96502156 96502156 96502156 96502156 96502156 96502156 96502156 96502156
50
271396413 271396413 271396413 271396413 271396413 271396413 271396413 271396413 271396413 271396413 918467473 918467473 918467473 918467473 918467473 918467473 918467473 918467473 918467473 918467473 11776355 11776355 11776355 11776355 11776355 10545108 10545108 10545108 10545108 10545108 10545108 10545108 10545108 10545108 10545108 158523183 158523183 158523183 158523183 158523183 858077575 858077575 858077575 858077575 858077575 858077575 858077575 948892696 948892696 493711200
50
736241447 736241447 736241447 736241447 736241447 736241447 736241447 347383156 690361544 690361544 690361544 690361544 690361544 690361544 690361544 690361544 690361544 18166292 18166292 18166292 18166292 18166292 18166292 18166292 18166292 18166292 18166292 410340108 410340108 410340108 410340108 410340108 410340108 698534995 698534995 698534995 698534995 698534995 698534995 311363615 311363615 311363615 311363615 311363615 311363615 311363615 311363615 785183742 431532606 595110988
43
232224899 232224899 232224899 232224899 232224899 232224899 232224899 232224899 232224899 232224899 369232992 369232992 369232992 369232992 369232992 369232992 910988952 910988952 910988952 910988952 910988952 910988952 910988952 910988952 910988952 910988952 850125551 850125551 850125551 647855818 647855818 647855818 647855818 106464341 106464341 106464341 518421343 518421343 500285451 500285451 500285451 500285451 225865670
50
484167258 46917358 46917358 46917358 46917358 46917358 46917358 46917358 9498795 9498795 9498795 9498795 9498795 9498795 38578634 38578634 38578634 38578634 38578634 38578634 38578634 38578634 38578634 845123844 845123844 845123844 63053397 63053397 63053397 63053397 63053397 63053397 63053397 63053397 568224900 568224900 568224900 568224900 568224900 568224900 568224900 568224900 568224900 568224900 95795009 95795009 95795009 95795009 414703147 701368319
