100
943 0 0
478 0 0
-965 0 0
104 0 0
140 0 0
-785 0 0
-444 0 0
-529 0 0
957 0 0
747 0 0
-717 0 0
-369 0 0
-659 0 0
-9 0 0
-847 0 0
-133 0 0
843 0 0
-136 0 0
-479 0 0
-151 0 0
-783 0 0
167 0 0
-715 0 0
393 0 0
887 0 0
-364 0 0
611 0 0
-241 0 0
138 0 0
559 0 0
-788 0 0
288 0 0
-752 0 0
160 0 0
-832 0 0
869 0 0
-590 0 0
-527 0 0
-527 0 0
-262 0 0
-904 0 0
-39 0 0
849 0 0
-382 0 0
93 0 0
174 0 0
-385 0 0
315 0 0
181 0 0
341 0 0
-307 0 0
669 0 0
-762 0 0
246 0 0
962 0 0
-627 0 0
-725 0 0
-976 0 0
-72 0 0
112 0 0
230 0 0
578 0 0
-816 0 0
-593 0 0
-78 0 0
659 0 0
-553 0 0
820 0 0
510 0 0
-581 0 0
-974 0 0
732 0 0
-326 0 0
745 0 0
579 0 0
-298 0 0
208 0 0
-516 0 0
615 0 0
-123 0 0
413 0 0
394 0 0
235 0 0
10 0 0
-86 0 0
-527 0 0
818 0 0
242 0 0
241 0 0
-155 0 0
-52 0 0
397 0 0
-216 0 0
-314 0 0
-88 0 0
60 0 0
606 0 0
-14 0 0
-222 0 0
-675 0 0
-982 0 0
-106 0 0
-29 0 0
-250 0 0
-815 0 0
210 0 0
750 0 0
609 0 0
56 0 0
-422 0 0
-729 0 0
-258 0 0
448 0 0
886 0 0
-787 0 0
-500 0 0
673 0 0
-404 0 0
758 0 0
386 0 0
608 0 0
101 0 0
86 0 0
986 0 0
-965 0 0
943 0 0
-211 0 0
308 0 0
14 0 0
4 0 0
265 0 0
518 0 0
-919 0 0
-927 0 0
-542 0 0
780 0 0
-828 0 0
724 0 0
572 0 0
700 0 0
958 0 0
-243 0 0
-456 0 0
594 0 0
-649 0 0
-384 0 0
988 0 0
950 0 0
3 0 0
-782 0 0
491 0 0
-430 0 0
-176 0 0
-181 0 0
-615 0 0
-422 0 0
-637 0 0
-652 0 0
398 0 0
225 0 0
-871 0 0
-96 0 0
199 0 0
-454 0 0
519 0 0
519 0 0
-418 0 0
297 0 0
-749 0 0
810 0 0
830 0 0
-186 0 0
906 0 0
79 0 0
82 0 0
959 0 0
-259 0 0
-36 0 0
456 0 0
361 0 0
-609 0 0
-967 0 0
-990 0 0
813 0 0
690 0 0
502 0 0
1000 0 0
682 0 0
78 0 0
-787 0 0
-809 0 0
-16 0 0
-654 0 0
498 0 0
-999 0 0
373 0 0
-33 0 0
-782 0 0
316 0 0
612 0 0
-856 0 0
252 0 0
-910 0 0
851 0 0
-393 0 0
63 0 0
957 0 0
-748 0 0
-58 0 0
-790 0 0
210 0 0
156 0 0
392 0 0
720 0 0
11 0 0
-580 0 0
-948 0 0
353 0 0
614 0 0
160 0 0
955 0 0
-175 0 0
911 0 0
148 0 0
831 0 0
814 0 0
-973 0 0
743 0 0
385 0 0
993 0 0
85 0 0
-194 0 0
586 0 0
-394 0 0
114 0 0
756 0 0
294 0 0
98 0 0
-328 0 0
555 0 0
-402 0 0
-687 0 0
117 0 0
-679 0 0
-32 0 0
152 0 0
-34 0 0
-377 0 0
-885 0 0
-46 0 0
96 0 0
420 0 0
-821 0 0
965 0 0
755 0 0
630 0 0
284 0 0
-546 0 0
-615 0 0
435 0 0
-543 0 0
-189 0 0
289 0 0
-679 0 0
-440 0 0
862 0 0
-340 0 0
359 0 0
-456 0 0
531 0 0
-474 0 0
-39 0 0
-510 0 0
729 0 0
306 0 0
-775 0 0
-513 0 0
-245 0 0
350 0 0
552 0 0
150 0 0
895 0 0
-406 0 0
248 0 0
-46 0 0
-837 0 0
167 0 0
-693 0 0
56 0 0
745 0 0
695 0 0
-897 0 0
-114 0 0
607 0 0
311 0 0
453 0 0
852 0 0
909 0 0
674 0 0
739 0 0
