100
118 0 0
999 0 0
488 0 0
-436 0 0
144 0 0
-995 0 0
10 0 0
-31 0 0
834 0 0
-629 0 0
801 0 0
750 0 0
-81 0 0
-734 0 0
669 0 0
726 0 0
-610 0 0
73 0 0
-573 0 0
-569 0 0
863 0 0
632 0 0
101 0 0
355 0 0
738 0 0
-409 0 0
339 0 0
-207 0 0
-766 0 0
-626 0 0
-480 0 0
187 0 0
-119 0 0
-506 0 0
697 0 0
-493 0 0
-234 0 0
-384 0 0
-758 0 0
462 0 0
16 0 0
279 0 0
744 0 0
674 0 0
323 0 0
-618 0 0
-447 0 0
-716 0 0
-217 0 0
842 0 0
-478 0 0
-145 0 0
451 0 0
-201 0 0
874 0 0
-379 0 0
-936 0 0
-786 0 0
-7 0 0
749 0 0
-844 0 0
234 0 0
-261 0 0
-235 0 0
365 0 0
-129 0 0
703 0 0
117 0 0
740 0 0
-542 0 0
-157 0 0
-929 0 0
-456 0 0
475 0 0
-812 0 0
956 0 0
89 0 0
156 0 0
864 0 0
871 0 0
-332 0 0
-111 0 0
-260 0 0
-782 0 0
-157 0 0
-268 0 0
-513 0 0
978 0 0
-190 0 0
894 0 0
358 0 0
0 0 0
683 0 0
-813 0 0
-123 0 0
-689 0 0
-520 0 0
577 0 0
-730 0 0
-590 0 0
-883 0 0
-659 0 0
-455 0 0
100 0 0
-824 0 0
-577 0 0
879 0 0
535 0 0
719 0 0
528 0 0
626 0 0
175 0 0
-845 0 0
472 0 0
66 0 0
740 0 0
-323 0 0
601 0 0
-821 0 0
484 0 0
265 0 0
997 0 0
882 0 0
-165 0 0
-422 0 0
-871 0 0
196 0 0
-786 0 0
-507 0 0
-52 0 0
866 0 0
123 0 0
-509 0 0
-928 0 0
845 0 0
47 0 0
-691 0 0
293 0 0
-798 0 0
-336 0 0
399 0 0
591 0 0
456 0 0
2 0 0
500 0 0
-814 0 0
-164 0 0
-584 0 0
755 0 0
-44 0 0
169 0 0
-444 0 0
754 0 0
407 0 0
802 0 0
700 0 0
-992 0 0
-110 0 0
-345 0 0
-811 0 0
-64 0 0
399 0 0
-3 0 0
34 0 0
149 0 0
-415 0 0
763 0 0
638 0 0
330 0 0
113 0 0
817 0 0
-286 0 0
-390 0 0
-400 0 0
-247 0 0
-789 0 0
248 0 0
-384 0 0
-583 0 0
-439 0 0
-712 0 0
-441 0 0
626 0 0
-296 0 0
-754 0 0
932 0 0
791 0 0
-809 0 0
314 0 0
-725 0 0
-446 0 0
580 0 0
996 0 0
882 0 0
-144 0 0
952 0 0
780 0 0
-503 0 0
483 0 0
-333 0 0
565 0 0
-892 0 0
-708 0 0
963 0 0
781 0 0
-465 0 0
514 0 0
310 0 0
-767 0 0
-762 0 0
-466 0 0
-487 0 0
-882 0 0
557 0 0
573 0 0
966 0 0
267 0 0
199 0 0
15 0 0
548 0 0
-926 0 0
581 0 0
358 0 0
427 0 0
-527 0 0
-481 0 0
600 0 0
-895 0 0
83 0 0
202 0 0
603 0 0
-452 0 0
667 0 0
263 0 0
980 0 0
-924 0 0
-566 0 0
-121 0 0
134 0 0
-835 0 0
583 0 0
-730 0 0
-976 0 0
58 0 0
230 0 0
-663 0 0
717 0 0
120 0 0
943 0 0
-649 0 0
625 0 0
442 0 0
-572 0 0
-661 0 0
92 0 0
195 0 0
-766 0 0
415 0 0
-488 0 0
879 0 0
571 0 0
759 0 0
629 0 0
939 0 0
426 0 0
-76 0 0
-182 0 0
736 0 0
774 0 0
-981 0 0
-549 0 0
969 0 0
532 0 0
-839 0 0
566 0 0
643 0 0
-205 0 0
233 0 0
-315 0 0
-577 0 0
647 0 0
777 0 0
-149 0 0
171 0 0
206 0 0
384 0 0
972 0 0
612 0 0
664 0 0
853 0 0
-47 0 0
412 0 0
-504 0 0
455 0 0
606 0 0
743 0 0
-360 0 0
-205 0 0
-844 0 0
795 0 0
