100
636 0 0
244 0 0
-26 0 0
926 0 0
-817 0 0
205 0 0
-435 0 0
806 0 0
494 0 0
919 0 0
449 0 0
-629 0 0
325 0 0
-755 0 0
907 0 0
251 0 0
-113 0 0
910 0 0
63 0 0
-826 0 0
-742 0 0
278 0 0
-331 0 0
133 0 0
741 0 0
57 0 0
804 0 0
168 0 0
802 0 0
564 0 0
971 0 0
871 0 0
-599 0 0
289 0 0
-74 0 0
-746 0 0
-615 0 0
-130 0 0
-366 0 0
-350 0 0
382 0 0
-972 0 0
-744 0 0
130 0 0
178 0 0
-394 0 0
415 0 0
101 0 0
-659 0 0
-416 0 0
166 0 0
-24 0 0
75 0 0
958 0 0
638 0 0
-321 0 0
-665 0 0
-528 0 0
-873 0 0
606 0 0
713 0 0
197 0 0
297 0 0
-648 0 0
-642 0 0
906 0 0
-649 0 0
-145 0 0
931 0 0
351 0 0
-595 0 0
-58 0 0
-408 0 0
-275 0 0
-521 0 0
617 0 0
-78 0 0
-732 0 0
-585 0 0
326 0 0
-597 0 0
130 0 0
-975 0 0
824 0 0
-727 0 0
-203 0 0
667 0 0
287 0 0
396 0 0
310 0 0
600 0 0
688 0 0
247 0 0
-50 0 0
-950 0 0
-634 0 0
728 0 0
199 0 0
825 0 0
63 0 0
-473 0 0
-826 0 0
-11 0 0
-851 0 0
537 0 0
311 0 0
740 0 0
-789 0 0
913 0 0
-234 0 0
-474 0 0
-486 0 0
57 0 0
387 0 0
759 0 0
-966 0 0
-152 0 0
-897 0 0
672 0 0
-290 0 0
-342 0 0
-41 0 0
981 0 0
264 0 0
692 0 0
291 0 0
496 0 0
-538 0 0
-518 0 0
-424 0 0
662 0 0
723 0 0
54 0 0
-917 0 0
281 0 0
16 0 0
-916 0 0
-695 0 0
238 0 0
-893 0 0
682 0 0
475 0 0
-554 0 0
-122 0 0
430 0 0
232 0 0
-915 0 0
-469 0 0
-202 0 0
-893 0 0
704 0 0
324 0 0
693 0 0
483 0 0
726 0 0
-251 0 0
-707 0 0
907 0 0
348 0 0
-460 0 0
108 0 0
-203 0 0
757 0 0
-222 0 0
-915 0 0
-454 0 0
123 0 0
977 0 0
543 0 0
762 0 0
747 0 0
-386 0 0
-239 0 0
-232 0 0
53 0 0
-629 0 0
-300 0 0
223 0 0
992 0 0
225 0 0
-403 0 0
28 0 0
-265 0 0
501 0 0
-95 0 0
-415 0 0
-645 0 0
-867 0 0
-428 0 0
-775 0 0
-424 0 0
804 0 0
257 0 0
975 0 0
-677 0 0
913 0 0
59 0 0
969 0 0
597 0 0
982 0 0
-832 0 0
-13 0 0
-157 0 0
518 0 0
-599 0 0
-419 0 0
284 0 0
748 0 0
-102 0 0
939 0 0
-511 0 0
10 0 0
-575 0 0
160 0 0
-901 0 0
261 0 0
235 0 0
-399 0 0
-98 0 0
-325 0 0
-82 0 0
-253 0 0
965 0 0
307 0 0
720 0 0
-763 0 0
-391 0 0
418 0 0
908 0 0
-546 0 0
75 0 0
109 0 0
-341 0 0
-928 0 0
868 0 0
262 0 0
696 0 0
333 0 0
-33 0 0
523 0 0
807 0 0
-528 0 0
-462 0 0
621 0 0
402 0 0
472 0 0
-271 0 0
865 0 0
260 0 0
-438 0 0
776 0 0
194 0 0
-233 0 0
267 0 0
-122 0 0
744 0 0
260 0 0
-998 0 0
527 0 0
972 0 0
-186 0 0
-70 0 0
-356 0 0
-576 0 0
359 0 0
526 0 0
-579 0 0
-548 0 0
107 0 0
-675 0 0
-299 0 0
-63 0 0
946 0 0
579 0 0
-789 0 0
718 0 0
905 0 0
-797 0 0
441 0 0
142 0 0
-331 0 0
946 0 0
-882 0 0
-758 0 0
-739 0 0
-156 0 0
499 0 0
725 0 0
-457 0 0
525 0 0
747 0 0
762 0 0
603 0 0
504 0 0
-841 0 0
-215 0 0
947 0 0
-822 0 0
-949 0 0
-278 0 0
